+----------------------------------------------------------------------------------------------------------------------------------------------------------------------------------------------------------------------------+
; Legal Partition Candidates                                                                                                                                                                                                 ;
+-----------------------+-------+----------------+--------------+----------------+--------+-----------------+---------------+-----------------+-------+----------------+--------------+------------------+-------------------+
; Hierarchy             ; Input ; Constant Input ; Unused Input ; Floating Input ; Output ; Constant Output ; Unused Output ; Floating Output ; Bidir ; Constant Bidir ; Unused Bidir ; Input only Bidir ; Output only Bidir ;
+-----------------------+-------+----------------+--------------+----------------+--------+-----------------+---------------+-----------------+-------+----------------+--------------+------------------+-------------------+
; lp                    ; 3     ; 112            ; 0            ; 112            ; 128    ; 112             ; 112           ; 112             ; 0     ; 0              ; 0            ; 0                ; 0                 ;
; rightspeed2           ; 33    ; 28             ; 1            ; 28             ; 7      ; 28              ; 28            ; 28              ; 0     ; 0              ; 0            ; 0                ; 0                 ;
; rightspeed1           ; 33    ; 28             ; 1            ; 28             ; 7      ; 28              ; 28            ; 28              ; 0     ; 0              ; 0            ; 0                ; 0                 ;
; leftspeed2            ; 33    ; 28             ; 1            ; 28             ; 7      ; 28              ; 28            ; 28              ; 0     ; 0              ; 0            ; 0                ; 0                 ;
; leftspeed1            ; 33    ; 28             ; 1            ; 28             ; 7      ; 28              ; 28            ; 28              ; 0     ; 0              ; 0            ; 0                ; 0                 ;
; middle_line_detector  ; 72    ; 94             ; 0            ; 94             ; 32     ; 94              ; 94            ; 94              ; 0     ; 0              ; 0            ; 0                ; 0                 ;
; strong_right_detector ; 72    ; 93             ; 0            ; 93             ; 32     ; 93              ; 93            ; 93              ; 0     ; 0              ; 0            ; 0                ; 0                 ;
; strong_left_detector  ; 72    ; 93             ; 0            ; 93             ; 32     ; 93              ; 93            ; 93              ; 0     ; 0              ; 0            ; 0                ; 0                 ;
; soft_right_detector   ; 72    ; 94             ; 0            ; 94             ; 32     ; 94              ; 94            ; 94              ; 0     ; 0              ; 0            ; 0                ; 0                 ;
; soft_left_detector    ; 72    ; 94             ; 0            ; 94             ; 32     ; 94              ; 94            ; 94              ; 0     ; 0              ; 0            ; 0                ; 0                 ;
; full_line_detector    ; 72    ; 92             ; 0            ; 92             ; 32     ; 92              ; 92            ; 92              ; 0     ; 0              ; 0            ; 0                ; 0                 ;
; L                     ; 110   ; 82             ; 3            ; 82             ; 10     ; 82              ; 82            ; 82              ; 0     ; 0              ; 0            ; 0                ; 0                 ;
; SS                    ; 70    ; 92             ; 8            ; 92             ; 65     ; 92              ; 92            ; 92              ; 0     ; 0              ; 0            ; 0                ; 0                 ;
; SD                    ; 225   ; 204            ; 1            ; 204            ; 3      ; 204             ; 204           ; 204             ; 0     ; 0              ; 0            ; 0                ; 0                 ;
+-----------------------+-------+----------------+--------------+----------------+--------+-----------------+---------------+-----------------+-------+----------------+--------------+------------------+-------------------+
